0.0375
[0.0, 1.0, 1.0]
[0.0375, 1.036127935895662, 0.927710835861187]
[0.075, 1.069641304471699, 0.8604651020603401]
[0.11249999999999999, 1.1007194446151836, 0.797752789026124]
[0.15, 1.1295229810241534, 0.7391345137458238]
[0.1875, 1.1561992231444047, 0.6842174295078197]
[0.225, 1.180879988124639, 0.6326624545925342]
[0.2625, 1.2036859390136834, 0.5841695865284984]
[0.3, 1.2247266838670972, 0.5384741236042204]
[0.33749999999999997, 1.2441026606599161, 0.4953407749998939]
[0.37499999999999994, 1.2619059136951767, 0.45455998566275174]
[0.4124999999999999, 1.2782210852280786, 0.4159444123179298]
[0.4499999999999999, 1.2931261556748628, 0.37932609465212996]
[0.4874999999999999, 1.3066931359461629, 0.3445540007268611]
[0.5249999999999999, 1.318988657571632, 0.311491950849889]
[0.5624999999999999, 1.3300744967046423, 0.28001683495952245]
[0.5999999999999999, 1.3400080342009781, 0.25001708205533646]
[0.6374999999999998, 1.3488426629905654, 0.2213913393555641]
[0.6749999999999998, 1.3566281491767287, 0.19404732888959583]
[0.7124999999999998, 1.3634109532210432, 0.16790085420601913]
[0.7499999999999998, 1.3692345163374537, 0.14287493473410934]
[0.7874999999999998, 1.374139516535791, 0.11889904905709592]
[0.8249999999999997, 1.37816409808961, 0.09590847144407154]
[0.8624999999999997, 1.3813440776714274, 0.07384368850398315]
[0.8999999999999997, 1.383713129944903, 0.052649884898166646]
[0.9374999999999997, 1.3853029550223732, 0.03227648875956878]
[0.9749999999999996, 1.3861434298730533, 0.012676768886395733]
[1.0124999999999997, 1.3862627454927932, -0.006192523040353552]
[1.0499999999999998, 1.3856875314123303, -0.02437147097867937]
[1.0875, 1.3844429689209459, -0.041897278722084416]
[1.125, 1.3825528942108785, -0.05880452400973704]
[1.1625, 1.380039892500284, -0.07512538620143011]
[1.2000000000000002, 1.3769253840652633, -0.09088985067078088]
[1.2375000000000003, 1.3732297030014038, -0.10612589264745786]
[1.2750000000000004, 1.3689721694398422, -0.12085964287923283]
[1.3125000000000004, 1.3641711558598988, -0.13511553717718314]
[1.3500000000000005, 1.3588441480680407, -0.14891645164403738]
[1.3875000000000006, 1.353007801349802, -0.1622838251595353]
[1.4250000000000007, 1.3466779922460224, -0.17523777050201123]
[1.4625000000000008, 1.3398698663562836, -0.1877971753174187]
[1.5000000000000009, 1.3325978825298057, -0.19997979400169613]
[1.537500000000001, 1.324875853766518, -0.21180233143637592]
[1.575000000000001, 1.316716985117882, -0.22328051940785476]
[1.6125000000000012, 1.3081339088477384, -0.2344291864453971]
[1.6500000000000012, 1.299138717087482, -0.24526232172973866]
[1.6875000000000013, 1.289742992196825, -0.2557931336514004]
[1.7250000000000014, 1.2799578350209166, -0.2660341035340734]
[1.7625000000000015, 1.2697938912163336, -0.2759970349824765]
[1.8000000000000016, 1.2592613758021773, -0.2856930992648684]
[1.8375000000000017, 1.248370096077959, -0.2951328770970361]
[1.8750000000000018, 1.237129473036936, -0.30432639715630416]
[1.9125000000000019, 1.22554856139189, -0.3132831716202726]
[1.950000000000002, 1.2136360683198593, -0.32201222899502163]
[1.987500000000002, 1.2014003710229217, -0.33052214447093975]
[2.025000000000002, 1.1888495331936424, -0.33882106802071227]
[2.062500000000002, 1.1759913204661625, -0.34691675043299514]
[2.1000000000000023, 1.1628332149270026, -0.35481656745656914]
[2.1375000000000024, 1.1493824287534207, -0.36252754221305883]
[2.1750000000000025, 1.135645917041522, -0.3700563660213625]
[2.2125000000000026, 1.1216303898812088, -0.37740941776357356]
[2.2500000000000027, 1.1073423237304116, -0.3845927819101933]
[2.2875000000000028, 1.092787972136845, -0.39161226531168636]
[2.325000000000003, 1.0779733758516867, -0.39847341285377114]
[2.362500000000003, 1.062904372376104, -0.40518152206514907]
[2.400000000000003, 1.0475866049783675, -0.41174165675854907]
[2.437500000000003, 1.0320255312163975, -0.4181586597789064]
[2.475000000000003, 1.0162264309979412, -0.42443716492612177]
[2.5125000000000033, 1.000194414208158, -0.43058160811408586]
[2.5500000000000034, 0.9839344279321797, -0.4365962378224432]
[2.5875000000000035, 0.9674512632981802, -0.4424851248928447]
[2.6250000000000036, 0.9507495619646359, -0.44825217171715687]
[2.6625000000000036, 0.9338338222737461, -0.4539011208612081]
[2.7000000000000037, 0.9167084050914219, -0.4594355631641172]
[2.737500000000004, 0.8993775393528057, -0.46485894535003663]
[2.775000000000004, 0.881845327330963, -0.4701745771862148]
[2.812500000000004, 0.8641157496451644, -0.475385638218615]
[2.850000000000004, 0.8461926700240527, -0.4804951841138934]
[2.887500000000004, 0.8280798398379504, -0.4855061526343162]
[2.9250000000000043, 0.8097809024136059, -0.49042136927016494]
[2.9625000000000044, 0.7912993971437919, -0.49524355255231994]
[3.0000000000000044, 0.7726387634033505, -0.4999753190660098]
[3.0375000000000045, 0.7538023442825209, -0.5046191881851562]
[3.0750000000000046, 0.7347933901476875, -0.509177586545312]
[3.1125000000000047, 0.7156150620390321, -0.5136528522718791]
[3.150000000000005, 0.6962704349139749, -0.518047238979084]
[3.187500000000005, 0.6767625007447267, -0.5223629195540828]
[3.225000000000005, 0.6570941714777574, -0.5266019897395444]
[3.262500000000005, 0.6372682818625023, -0.5307664715271239]
[3.300000000000005, 0.6172875921561772, -0.5348583163733684]
[3.3375000000000052, 0.5971547907111595, -0.5388794082488046]
[3.3750000000000053, 0.5768724964509983, -0.5428315665302136]
[3.4125000000000054, 0.5564432612407595, -0.5467165487454247]
[3.4500000000000055, 0.5358695721570701, -0.5505360531793271]
[3.4875000000000056, 0.5151538536629113, -0.5542917213492161]
[3.5250000000000057, 0.49429846969191854, -0.5579851403570568]
[3.5625000000000058, 0.4733057256466675, -0.5616178451257442]
[3.600000000000006, 0.45217787031517276, -0.5651913205259805]
[3.637500000000006, 0.43091709770958186, -0.5687070033999619]
[3.675000000000006, 0.4095255488308255, -0.572166284487667]
[3.712500000000006, 0.3880053133627731, -0.5755705102611743]
[3.750000000000006, 0.36635843129924656, -0.5789209846720904]
[3.7875000000000063, 0.34458689450705954, -0.5822189708168529]
[3.8250000000000064, 0.32269264822807825, -0.5854656925243764]
[3.8625000000000065, 0.3006775925231358, -0.5886623358702341]
[3.9000000000000066, 0.2785435836604805, -0.5918100506213096]
[3.9375000000000067, 0.2562924354512954, -0.5949099516146172]
[3.9750000000000068, 0.23392592053469233, -0.5979631200737618]
[4.012500000000006, 0.21144577161445666, -0.6009706048663068]
[4.050000000000006, 0.18885368264970046, -0.6039334237051192]
[4.087500000000006, 0.16615131000147065, -0.6068525642965847]
[4.125000000000005, 0.14334027353725248, -0.6097289854384127]
[4.162500000000005, 0.12042215769521053, -0.6125636180695941]
[4.200000000000005, 0.0973985125099154, -0.6153573662749295]
[4.237500000000004, 0.07427085460121684, -0.6181111082464019]
[4.275000000000004, 0.05104066812784101, -0.620825697203543]
[4.3125000000000036, 0.027709405707211025, -0.6235019622748196]
[4.350000000000003, 0.004278489302916421, -0.6261407093419518]
[4.387500000000003, -0.019250688918812424, -0.6287427218489693]
[4.4250000000000025, -0.042876765762335234, -0.6313087615777127]
[4.462500000000002, -0.06659840620431, -0.6338395693913907]
[4.500000000000002, -0.09041430262270958, -0.6363358659477208]
[4.537500000000001, -0.11432317405203339, -0.6387983523830911]
[4.575000000000001, -0.13832376546365296, -0.6412277109691118]
[4.612500000000001, -0.16241484707028098, -0.6436246057428455]
[4.65, -0.1865952136535994, -0.6459896831119395]
[4.6875, -0.2108636839141277, -0.6483235724358186]
[4.725, -0.23521909984245404, -0.6506268865840369]
[4.762499999999999, -0.25966032611099293, -0.652900222472827]
[4.799999999999999, -0.2841862494854697, -0.6551441615808361]
[4.837499999999999, -0.30879577825537, -0.6573592704449825]
[4.874999999999998, -0.3334878416826247, -0.6595461011373223]
[4.912499999999998, -0.3582613894678344, -0.6617051917237683]
[4.9499999999999975, -0.3831153912333689, -0.663837066705463]
[4.987499999999997, -0.40804883602270364, -0.6659422374435653]
[5.024999999999997, -0.4330607318153869, -0.6680212025681727]
[5.0624999999999964, -0.45815010505705467, -0.6700744483720685]
[5.099999999999996, -0.48331600020393645, -0.6721024491899447]
[5.137499999999996, -0.5085574792813196, -0.674105667763722]
[5.174999999999995, -0.5338736214554617, -0.6760845555945597]
[5.212499999999995, -0.5592635226184625, -0.6780395532821155]
[5.249999999999995, -0.5847262949856273, -0.6799710908515927]
[5.287499999999994, -0.6102610667048742, -0.6818795880690834]
[5.324999999999994, -0.6358669814777537, -0.6837654547456944]
[5.362499999999994, -0.6615431981916711, -0.6856290910309173]
[5.399999999999993, -0.6872888905629152, -0.6874708876956854]
[5.437499999999993, -0.7131032467901144, -0.6892912264055374]
[5.4749999999999925, -0.7389854692177579, -0.6910904799842882]
[5.512499999999992, -0.7649347740094317, -0.6928690126685905]
[5.549999999999992, -0.7909503908304366, -0.6946271803537521]
[5.5874999999999915, -0.8170315625394653, -0.6963653308311569]
[5.624999999999991, -0.8431775448890302, -0.6980838040176223]
[5.662499999999991, -0.8693876062343465, -0.6997829321770109]
[5.69999999999999, -0.8956610272503854, -0.701463040134401]
[5.73749999999999, -0.9219971006568229, -0.7031244454831028]
[5.77499999999999, -0.9483951309506227, -0.7047674587848017]
[5.812499999999989, -0.9748544341459988, -0.7063923837630898]
[5.849999999999989, -1.0013743375215174, -0.7079995174906407]
[5.887499999999989, -1.0279541793740996, -0.7095891505702707]
[5.924999999999988, -1.0545933087797061, -0.7111615673101159]
[5.962499999999988, -1.0812910853604816, -0.7127170458931487]
[5.999999999999988, -1.1080468790581544, -0.7142558585412455]
ymax = 1.3862627454927932
